6.377382048864691823e-03
2.188438820559148856e-03
6.997847339671914475e-03
2.756003981456825024e-03
5.122011163727569144e-05
6.005808657526299534e-03
9.329570688229182548e-03
3.565987846574147978e-04
7.248219524899263133e-03
6.606175668830959087e-03
1.746910311395588741e-03
7.067248038948675815e-03
9.757313495430901262e-03
9.256924029139326077e-03
9.430728056106084389e-03
7.598878812547977570e-03
5.076759917760975856e-03
9.250056245470122951e-03
8.590431241820567845e-03
5.779987245213358618e-03
2.336819384312563072e-03
6.906575048805171577e-03
3.481984848937312842e-03
5.199449081240317509e-03
2.643293989048588373e-03
9.653335235548532803e-03
4.077923609891605759e-03
8.322497052733142386e-03
4.819483148945280428e-04
1.931961520574218116e-03
6.647465334633174440e-03
4.443022166931568859e-03
8.066417369946315974e-03
2.494415280338541270e-03
5.889693784300616304e-03
7.593074088647772286e-03
7.462758979175421192e-03
8.891561312102490636e-03
7.942360860388220393e-04
7.763469089357869467e-03
1.300629203009486803e-03
5.918432691046198076e-03
9.847783332528708272e-03
7.685751917190741106e-03
4.721888321091298121e-03
5.824974703743206195e-03
3.413763527481304943e-03
7.201826336446344456e-03
8.883043825746905937e-04
2.081716665794597354e-03
6.523936402365682150e-04
4.155852952177475565e-03
7.981369084310092205e-03
8.254140645277888502e-03
9.206277215911124606e-03
5.585265114339167322e-03
9.373962241358946941e-04
7.091644599124743986e-03
4.576421674224260411e-03
9.047892185849715913e-03
9.608808425856542670e-03
5.690326988567403176e-03
9.896588092514658694e-03
2.717590319388419988e-03
2.795985856517601165e-03
2.415890267370008043e-03
1.514621873013744045e-03
6.659420587072673557e-03
6.247807020737757185e-03
9.508892423562287366e-04
3.234160947300681720e-03
1.599801469259108872e-03
6.962064954562625571e-03
3.665316117226937852e-03
3.215451432151781187e-03
2.593525951961884925e-03
2.437886302753872105e-03
6.568582696572689179e-04
2.734777689120163578e-03
2.477558745458954478e-03
6.754870387969858989e-03
1.613916191556296178e-03
3.760935734928808755e-03
3.224840327824650757e-03
6.943465374810402560e-03
7.649097181008581055e-03
3.629480476368830699e-03
1.647417524192900220e-03
2.620945437700593610e-03
9.176064603153654894e-03
2.565884051152129888e-03
8.879789692368335319e-03
2.355167426855248221e-03
8.703956723279993079e-04
5.885171198177904447e-03
3.748537052438490752e-03
3.309802996009868475e-03
7.055807593358312015e-03
3.165488109971157336e-03
7.776698767685308843e-03
6.818690053017078222e-03
4.402508429724922602e-03
7.123834047286601613e-03
9.418667084290188686e-04
3.648468170444242251e-03
2.273403442416747130e-03
2.245432201456435631e-03
3.974808792393336523e-04
2.989740857387502854e-03
9.241883070671849665e-03
6.011659885265508395e-04
3.850384157039447083e-03
8.978710530251366459e-04
7.704219773585067529e-03
6.483872360596493536e-03
4.086786662724657508e-03
1.095850050746254413e-03
8.681744514672674190e-03
8.347888914546730370e-04
6.442028822962643161e-03
8.493129274810941667e-03
6.485694600991301177e-03
2.640691064235272181e-03
1.550185929570742143e-03
9.523033159139633955e-03
6.023135856008297005e-03
5.130120592422256383e-03
9.197960472724404576e-03
5.208082602924299191e-03
7.245016597606182378e-03
8.037641984234926082e-03
2.604625710046419833e-03
5.945655248068190332e-03
8.687925592637670696e-03
9.506557812972408691e-03
2.480295614664538434e-03
6.484372220289430326e-03
5.989791808460931182e-04
4.029270868687156656e-03
4.532214184551229021e-03
1.138809808104571716e-03
7.974893446027121746e-03
6.764788546158787344e-03
4.050424432112852829e-03
6.254202591372582352e-03
7.003101795544883733e-03
9.373306989759687055e-03
6.544111650448182320e-03
1.477977292799547088e-03
5.085470141662083894e-03
5.538810528040374360e-03
3.542848239427689398e-03
2.953764317343305929e-03
7.749887472781792457e-03
9.057930953746058320e-03
7.287233491529768008e-03
4.232421454636734609e-03
1.261697912819370647e-03
3.237156734783963423e-04
8.137024710928586479e-04
6.766482372225433514e-03
6.272609191351192874e-03
5.779410910499057676e-03
2.339905776325125041e-03
3.026991573722933454e-03
2.896111751508786449e-03
1.371917764510931616e-03
3.692598619408856732e-03
1.446704675814327722e-03
8.603953958018002723e-03
2.115594583466106314e-03
7.250966725774136284e-03
7.274944783126242875e-03
1.884780693785637192e-04
7.042519943528421748e-03
4.032738890523357433e-03
4.075448956621595918e-03
4.419462287832985614e-03
7.401392292668466412e-03
5.347431663685844709e-03
9.774160138959733096e-03
4.736397537962573623e-03
3.070612338798955811e-03
4.664434273134748614e-03
4.775845200762461260e-03
6.166435119282036997e-03
9.856706672028044125e-03
5.440220309808052861e-04
6.159804496722614923e-03
8.314451707970450106e-03
9.805811539165536217e-03
7.186215431151474903e-03
1.359453935246198678e-03
2.010773286364104726e-03
6.466836300445133077e-04
5.636370268339160709e-03
8.414379803298980762e-03
4.362697380583430672e-03
8.594917581871374529e-03
7.824778964057792913e-03
4.921097741384265756e-03
7.924833753510941139e-05
8.043314853474659194e-04
9.657163503270652441e-03
5.513493099672877110e-03
1.624486052346788651e-03
2.192394746695753693e-03
7.944178809469503236e-03
1.205406538415403420e-03
5.461925394312627975e-03
5.947680332051300846e-03
7.170059078620081260e-03
6.904981589930539454e-03
3.167193004362826077e-03
4.668311364395002529e-03
3.184129003982091519e-03
9.859213219242660836e-03
5.226864839027170993e-03
3.527081838042773684e-03
8.863276091209770433e-03
2.253109398550097106e-03
6.491191088872807873e-03
3.254473332880514300e-03
9.019708793028559032e-03
4.251212050483762876e-03
4.401988690141918348e-03
9.424666933488789686e-03
9.339273951987685229e-03
2.671869711453792474e-03
2.344199065104089156e-03
4.778211269884959089e-03
9.863566126540376094e-03
8.477744600205878653e-03
5.204083132301929801e-03
2.329857102115447890e-03
3.172862852981195476e-03
8.045298545167606577e-03
4.307483150033528975e-03
6.630587579057454183e-03
7.996714813529776783e-03
2.201790086646592155e-03
2.893178986545462666e-03
1.481307134757210448e-03
9.902725538421253137e-04
1.703341440468329054e-03
4.519214628205452632e-03
7.610793818855063862e-03
7.347169326803839814e-03
7.785073884243438012e-03
2.513504377720476813e-04
7.742080358773653290e-03
2.736195727497606721e-03
6.125291436536831578e-03
7.132307082925607410e-03
2.765871882062890218e-03
5.618777944513772896e-03
2.514413355046640698e-04
5.835761668355908018e-03
7.704130496442786191e-03
8.028403401936579434e-03
8.004254254899364346e-03
2.781399704101078594e-03
4.765371426159637110e-04
4.695186898136720875e-03
6.613207097007445332e-04
4.745793208067083848e-04
5.215798789801595874e-04
7.315973188462971712e-03
8.941102546669530207e-03
9.593076908033642061e-03
3.818911061239652592e-03
4.628217259827696259e-03
4.798719848813641671e-03
4.260714776325136527e-04
8.167739462039063508e-03
1.551460144227901922e-03
7.459318429383465787e-03
9.390047867275871235e-03
4.352124922878572791e-03
2.065069029073407416e-03
4.953699968879398795e-04
5.763150423058143075e-03
3.358951523362841123e-03
6.245500486941894108e-03
5.165586416928205291e-03
7.414723856386600323e-03
2.119244007565141818e-03
8.134961365312606135e-03
8.759944608041463077e-03
6.294039714463482704e-03
2.890747318697007955e-03
2.747986853790048648e-03
1.639738298571787913e-03
7.171964290232448608e-03
9.900298163576331384e-03
2.792467922951397032e-03
6.503827221411513475e-03
9.289604842521393064e-04
7.109888069098389309e-03
7.481227778772335697e-03
6.326700229465138069e-03
2.689293710335977257e-03
5.358703868500360422e-03
8.924571167130889923e-03
3.994973530422443568e-03
9.248289960752590147e-03
1.949935433649858723e-03
8.136954226221948571e-04
9.575274390222099797e-04
2.816596463443190711e-03
6.534391154154989625e-03
3.289755515143485270e-03
9.406923985740311620e-03
4.765472914647005467e-03
1.458154006637056924e-03
3.048048924787062283e-03
5.681263064542470091e-03
1.951178863097458060e-04
6.995263990394493675e-03
5.547875318247900110e-03
3.714618690418519924e-03
2.134201269922913948e-03
4.624291312039780291e-03
1.566963104965157869e-03
6.564001578481760621e-03
1.839576256875047377e-03
1.570311874305885301e-03
9.066752418811818747e-04
1.603750236240384383e-03
6.445192507156340123e-03
9.457068654733847765e-03
4.192240540335290581e-05
8.090065287875838201e-03
9.631631320599638724e-03
7.254299185570415448e-03
8.347376735883177412e-03
7.689062211828356919e-03
8.630914137102084840e-03
6.334205301084849847e-04
3.999553193338663964e-03
5.618240538394967537e-03
3.908534915389310326e-03
5.805840534422076517e-03
3.038264889789580279e-03
9.758656871453016621e-03
6.629870515236685295e-03
1.398274918862236864e-03
5.989568777172236957e-03
2.230894115485015840e-03
8.888445638620921796e-03
1.979021578280402375e-03
9.324940254837659967e-03
3.096715247243753133e-03
2.360506081644425658e-03
9.703343751508185233e-03
4.479731589260923727e-03
8.301715846917473093e-03
1.895641996358480305e-03
1.559064321846393916e-03
4.906572890503980121e-04
1.949595122365402897e-03
5.403645231513706099e-03
1.336804526712165450e-04
8.225454167447640921e-03
4.683713318315837169e-03
5.031361661154312541e-03
6.355384829174548847e-04
9.508660966811888519e-04
1.767225064012283410e-03
5.592141784421495766e-03
6.912238037649270223e-03
5.241764120123526246e-04
7.353313025989728809e-03
2.644242371954222837e-03
4.907884125421742814e-03
6.749140992911985965e-03
3.692325011256847225e-03
1.888796831370769197e-03
1.192998114502110719e-03
1.888062585231162823e-03
6.778855471133712202e-03
1.257966143204725161e-05
5.282199064821201800e-03
7.122544236971434413e-03
5.101863675603687462e-03
6.830188224816568197e-03
2.104169946446477044e-04
3.178161820411583814e-03
4.409330113307254571e-03
6.454789923468672030e-03
2.608840680320314697e-03
7.549174748380320897e-03
9.426468060052104261e-03
3.939718937238176864e-03
7.095872468082009598e-04
9.148400419902689984e-03
3.788629264094644112e-03
3.689336341534509532e-03
2.761218361115257668e-03
1.366801142115811043e-03
7.348672969274982862e-03
4.760186670517439766e-03
1.298146848389382206e-03
8.861387789832529324e-03
2.406848310413085487e-03
1.569950750551674058e-03
1.325682412850532959e-03
5.028770643567759095e-03
7.141237628282570866e-03
4.337826311615922440e-04
9.804985225680870262e-03
8.152279235345194844e-03
5.428727510404224472e-03
9.878389949738585959e-03
6.033520917461879587e-03
1.656050952537404478e-03
5.055204980877168325e-03
7.600923026418158340e-03
2.202049127474884575e-03
3.551136230210699771e-03
7.282010087690075038e-03
3.757640793453954908e-03
5.631637375618038510e-03
7.100964126405874023e-03
1.243809702660580996e-03
6.576856023872355329e-03
5.069571673724780105e-03
2.228810790308149124e-03
2.269597485766937893e-03
5.027073294455523290e-03
3.168191809300702189e-04
8.195286597271912027e-04
4.985643314184651058e-04
5.814945630170237356e-03
6.824759861265516057e-03
9.557525400273608404e-03
9.323502039537542516e-03
4.689273647868128815e-03
2.423841425208946975e-03
3.440638499607150558e-03
3.557125189066217066e-03
5.664209102349354596e-03
3.630896823337945774e-03
4.348604896029510843e-03
2.701138928484335920e-03
1.320020544840816455e-05
4.376391366909510895e-03
9.366723759351469267e-03
5.541766031131214847e-03
2.855875446420554943e-03
3.406645628077305255e-03
1.184787556573241351e-03
3.411469636561283159e-03
9.007606324260388972e-03
6.839954811051452213e-03
2.099432379657324276e-03
4.746552317926456231e-03
3.989217263040428611e-03
2.817105392257205319e-03
8.931155075824709008e-03
5.642215919630550434e-03
1.743996274932029227e-03
7.002471473079159743e-03
2.844809394273914958e-03
6.375289047035853640e-03
2.374055391495393311e-03
9.026663310776601376e-03
7.918576139733846109e-03
2.488577289363635113e-03
4.860001812695752786e-03
8.963083045175200547e-03
4.668849478896452965e-03
7.194161592612824396e-03
4.281676909023435511e-04
4.247062971229675910e-03
8.789012864705483125e-03
6.844383302623107020e-03
7.719380148443319781e-03
6.576930470129058008e-03
5.939028905744829674e-03
9.769282259513478641e-04
7.228706778846192074e-03
3.324352421070768566e-03
6.264299673373025824e-03
4.814274796803664179e-03
8.704655584544527744e-03
9.430397881923029482e-03
6.681256490497573981e-03
7.192340487555245500e-03
9.982227006005602032e-03
7.022492940519187675e-03
3.795474644118502962e-03
9.017894899631376596e-03
3.815060431561107055e-03
6.381198966758559743e-03
1.156803131302490666e-03
2.191950254897088047e-03
3.195019191472122776e-03
8.418753801848904289e-03
5.263256629129221820e-03
2.804995912742092208e-03
3.906690985150847173e-03
6.346340835128839140e-04
5.404491677419031442e-03
9.510297922201749882e-03
9.968132461153727392e-03
2.907544594202200652e-03
8.693720348718725170e-04
4.481730813484589328e-03
4.729758299642138064e-03
5.133735635875716179e-03
8.770921796170014564e-03
4.107835538947169664e-03
9.800523299694353756e-04
1.983993315153523805e-03
3.064072411796488118e-03
2.797620827355345053e-03
9.871484644337824230e-03
3.876802074594741781e-03
7.180852794445656551e-03
5.239377884713626067e-03
6.229027087440286610e-03
7.412597663909903552e-03
4.519667847502987709e-03
3.680627479214335866e-03
2.052076597962000561e-03
2.433338064074852796e-03
6.775673045775046366e-03
2.207514688748446452e-04
9.780933801663433888e-03
6.814494513785164520e-03
4.295331295572326485e-03
7.863694312242285045e-03
3.373295766817997667e-03
2.144893428787093652e-03
6.334639197299842678e-03
4.188022532836006666e-03
1.566175073814601946e-03
7.892197496300962234e-03
8.880547691969605667e-03
5.487428943281582976e-03
6.868451542571858345e-03
7.013899646600174967e-03
7.183195709419303542e-03
3.369431143372513503e-03
8.996011716078002388e-03
5.520826713098791767e-04
5.568393296467294765e-03
2.281005450465771901e-03
9.007561321548666899e-03
3.818558846765177615e-03
4.190633827728170759e-03
9.355257081656864499e-04
3.675236880056398435e-04
9.448334417465245605e-03
2.239863668416733778e-03
7.916421633855240739e-03
4.774368680487801712e-03
1.196011269469453558e-03
9.501291441311805058e-03
6.923632703277721526e-03
8.958751829016380758e-03
7.873386842081054313e-05
2.831855162660946654e-03
1.435289206639778171e-03
2.514772652183334869e-03
9.380616755610551166e-03
9.645656258685322143e-03
4.425096208587353552e-04
2.335462073678509429e-03
2.607032992897211510e-03
6.201579186386093658e-03
5.876941066382745764e-03
5.246844042219679649e-03
8.834508676516644385e-03
8.668645559436418194e-03
2.883837100573295557e-03
9.207351723015419140e-03
3.261525816184858342e-03
1.430923317174577145e-03
6.745239863121511859e-03
8.271399131196727553e-03
5.834424477789676260e-03
3.801210986388729989e-03
8.875352669792422461e-03
5.298790519031306920e-03
4.260285911511210201e-03
6.855967942996997466e-03
9.989078712487854065e-04
8.605526411798780683e-04
9.360665717816641848e-03
7.422384876829533212e-03
3.934713967563504416e-03
4.980950378263812248e-03
8.172351163703552024e-03
4.218521244761247978e-03
3.328874293503895129e-03
6.194183372143251785e-03
7.418005686465075840e-03
4.604752127014230013e-03
6.012952115123826498e-04
9.624249879514582343e-03
8.424418258429759720e-03
2.074684575340294320e-03
7.045117257238292345e-03
5.094769722075638725e-03
3.114641208571627008e-03
4.600494881528456245e-03
8.356337423937472073e-03
4.617825050389788577e-03
5.929656826723728701e-03
9.418121645261541899e-03
7.091662422965740002e-03
7.990061551240658713e-03
4.354895991957476349e-03
8.728723659551526973e-03
6.622985562266973936e-03
8.366835029653350506e-03
2.132292444792820672e-03
1.094398974234617140e-03
4.976568207275755377e-03
3.379987445400154354e-03
6.772703135585234372e-04
8.824259219440534416e-03
7.463080387335242413e-03
